4	6	72	73
4	7	73	74
4	9	10
4	10	10	11	12	13
4	13	78	79
4	14	80
4	19	40
4	20	40
4	21	81	82	83
4	24	55	84	85
4	27	63
4	28	63
5	5	69	70	71	95
5	6	5	6	7	8	71	95
5	7	8	9
5	9	10	96
5	10	10	11	12	13	96
5	12	16	75	76	77	99
5	13	22
5	14	22
5	15	28
5	19	40	41	42	43	44	101
5	20	40	44	101
5	21	81	82	83
5	22	52	53	54	102
5	23	54	102
5	24	55	56	85	86	87	88	104
5	25	104
5	27	63	64	65
5	28	63	64	65	105
5	29	105
5	30	92	93	94	109
5	31	94	108
5	33	110
5	39	107
6	3	1	2
6	4	2	3	4
6	6	5	6	7	8
6	7	8	9
6	9	97
6	10	14	15	98
6	12	17	18	19	20	21	99
6	13	21	22	23	24	25
6	14	22	23	24	25	26	27
6	15	28	29	30	31	32	33
6	16	33	34	35	36	37
6	17	37	38	39	100
6	18	45	46	100
6	19	46	47	48	49
6	20	50	51
6	22	102	103
6	23	102
6	24	57	58	59	60	89	90	91
6	25	60	61	62
6	28	66	67	105	106
6	29	67	68	105
6	31	108
6	33	110
7	10	98
7	15	31	32	33
7	16	33	34
7	24	59	60
7	25	60	61	62