#i	j	id
1	21	28	29	30						
1	23	31	32
1	25	37
1	26	38	39	40
1	27	42
1	28	44
2	23	31	32	77
2	24	33	34	35
2	25	35	36	37
2	26	38	39	40	41
2	27	42	43
2	28	43
2	29	45
3	18	26
3	19	27
4	17	24
4	18	25
4	21	15	16
4	22	16	17
5	3	3	4
5	4	4
5	6	5
5	17	23	24
5	21	15	16
5	22	16	17
5	43	78
6	2	1
6	3	1	2	9
6	5	20
6	6	20
6	8	10
6	9	14
6	10	6
6	11	7
6	13	11
6	14	12
6	15	13
6	23	8	18
6	28	22
6	29	22
6	30	21
6	31	58	59	60	65	66	70
6	32	60	61	62	63	64	66	67	68	69	70	71	72	73
6	33	19	64	74	76
6	34	19	74	75	76
6	43	78
7	8	10
7	23	18
7	28	22
7	29	22
7	31	58	59	60
7	32	60	61	62	63	64
7	33	64	74
7	34	74	75
8	35	46	48	51
8	36	51	54
9	35	47	49	52
9	36	52	55	56	57	
10	35	50	53
10	36	53