# type	x	y	w	h	ani_set_id	extra_settings per object type

# bling bling brick
# loai	x	y	w	h	animation_set	type_object
1	1	672	1056	48	48	3	3	0
2	1	720	1056	48	48	3	3	0
3	1	768	1056	48	48	3	3	0
4	1	816	1056	48	48	3	3	0


5	1	1152	1008	48	48	3	3	0
6	1	1200	1008	48	48	3	3	0
7	1	1248	1008	48	48	3	3	0
8	1	1296	1008	48	48	3	3	0
9	1	1344	1008	48	48	3	3	0


10	1	1824	864	48	48	3	3	0
11	1	1872	864	48	48	3	3	0
12	1	1920	864	48	48	3	3	2
13	1	1968	864	48	48	3	3	0
	
14	1	1920	1104	48	48	3	3	0
15	1	1968	1104	48	48	3	3	0

16	1	2256	960	48	48	3	3	0

17	1	2256	1056	48	48	3	3	0

18	1	2256	1104	48	48	3	3	0
19	1	2304	1104	48	48	3	3	0
20	1	2352	1104	48	48	3	3	0
21	1	2400	1104	48	48	3	3	0

22	1	2592	1008	48	48	3	3	0
23	1	2592	1056	48	48	3	3	0
24	1	2592	1104	48	48	3	3	0

25	1	2592	1152	48	48	3	3	0
26	1	2640	1152	48	48	3	3	0
27	1	2688	1152	48	48	3	3	0


28	1	2832	1008	48	48	3	3	0

29	1	2832	1056	48	48	3	3	0
30	1	2880	1056	48	48	3	3	3


31	1	2880	1200	48	48	3	3	0
32	1	2928	1200	48	48	3	3	0
33	1	2976	1200	48	48	3	3	0
34	1	3024	1200	48	48	3	3	0

35	1	3024	1056	48	48	3	3	4
36	1	3072	1056	48	48	3	3	0
37	1	3120	1056	48	48	3	3	0
38	1	3168	1056	48	48	3	3	0
39	1	3216	1056	48	48	3	3	0

40	1	3696	864	48	48	3	3	2


41	1	3552	912	48	48	3	3	0
42	1	3600	912	48	48	3	3	0
43	1	3648	912	48	48	3	3	0
44	1	3696	912	48	48	3	3	0


45	1	3456	1152	48	48	3	3	0
46	1	3504	1152	48	48	3	3	0
47	1	3552	1152	48	48	3	3	0
48	1	3600	1152	48	48	3	3	0
49	1	3648	1152	48	48	3	3	0

50	1	3792	1104	48	48	3	3	0
51	1	3840	1104	48	48	3	3	0

52	1	4176	912	48	48	3	3	0
53	1	4224	912	48	48	3	3	0
54	1	4272	912	48	48	3	3	0

55	1	4608	864	48	48	3	3	4

56	1	4608	912	48	48	3	3	0


57	1	4608	1104	48	48	3	3	0

58	1	4608	1152	48	48	3	3	0



59	1	4608	1200	48	48	3	3	0
60	1	4656	1200	48	48	3	3	0
61	1	4704	1200	48	48	3	3	0
62	1	4752	1200	48	48	3	3	0


63	1	5184	864	48	48	3	3	0
64	1	5184	912	48	48	3	3	0
65	1	5184	960	48	48	3	3	0



66	1	5328	1104	48	48	3	3	0
67	1	5376	1104	48	48	3	3	0
68	1	5424	1104	48	48	3	3	0


# static coin
69	12	1008	912	14	16	14	3
70	12	1056	912	14	16	14	3
71	12	1104	912	14	16	14	3

72	12	1248	816	14	16	14	3
73	12	1296	816	14	16	14	3
74	12	1344	816	14	16	14	3


75	12	2296	912	14	16	14	3
76	12	2344	912	14	16	14	3
77	12	2392	912	14	16	14	3


78	12	2536	816	14	16	14	3
79	12	2584	816	14	16	14	3
80	12	2632	816	14	16	14	3


81	12	3976	864	14	16	14	3
82	12	4024	864	14	16	14	3
83	12	4072	864	14	16	14	3

84	12	4504	816	14	16	14	3
85	12	4504	864	14	16	14	3
86	12	4504	912	14	16	14	3
87	12	4504	960	14	16	14	3
88	12	4504	1008	14	16	14	3
89	12	4504	1056	14	16	14	3
90	12	4504	1104	14	16	14	3
91	12	4504	1152	14	16	14	3


92	12	5664	912	14	16	14	3
93	12	5712	912	14	16	14	3
94	12	5760	912	14	16	14	3
# type	x	y	w	h	ani_set_id	extra_settings per object type

#moving platform
95	18	1104	960	144	48	28	3
96	18	1776	912	144	48	28	3
97	18	1680	1056	144	48	28	3
98	18	1872	1200	144	48	28	3
99	18	2256	1008	144	48	28	3
100	18	3264	1152	144	48	28	3
101	18	3600	960	144	48	28	3
102	18	4224	1008	144	48	28	3
103	18	4128	1056	144	48	28	3

104	18	4648	912	144	48	28	3
105	18	5328	1008	144	48	28	3
106	18	5232	1152	144	48	28	3
#8	5376	1248	144	48	28	3

# RANDOM BONUS
107	17	7368	984	48	48	22	3


# koopa
108	3	5910	1000	48	78	7	2	100
109	3	5616	912	48	78	7	2	108

# boomerang bro
110	19	6240	1000	48	72	29	3
#19	500	1000	48	72	29	3