#	 type	x	y	w	h	ani_set_id	extra_settings per object type
# brick question	
1	6	528	1056	48	48	2	3	1
2	6	576	1056	48	48	2	3	1
3	6	672	912	48	48	2	3	1
4	6	720	912	48	48	2	3	2
5	6	1248	960	48	48	2	3	1
6	6	1968	1152	48	48	2	3	2
7	6	2112	1056	48	48	2	3	1
8	6	4416	1104	48	48	2	3	2
# goomba								
9	2	672	1152	48	48	5	2	100
10	2	1584	1195	48	48	5	2	100
11	2	2497	1147	48	48	5	2	100
12	2	2640	1147	48	48	5	2	100
13	2	2832	1140	60	57	6	2	105
# koopa							
14	3	1728	1051	48	78	7	2	100
15	3	3978	864	48	78	8	2	102
16	3	4092	864	48	78	8	2	102
17	3	4206	864	48	78	8	2	102
18	3	4416	1152	48	78	8	2	100
19	3	6288	1056	48	78	7	2	100
# fire flower
20	11	1080	1106	48	96	13	2	1
21	11	5592	1106	48	72	13	2	2
22	14	5400	1154	48	72	19	2
# static coin
23	12	3216	955	14	16	14	3
24	12	3312	859	14	16	14	3
25	12	3408	763	14	16	14	3
26	12	3504	667	14	16	14	3
27	12	3600	571	14	16	14	3
# static coin in the airrrr
28	12	3984	240	14	16	14	3
29	12	4032	240	14	16	14	3
30	12	4080	240	14	16	14	3
31	12	4368	336	14	16	14	3
32	12	4416	336	14	16	14	3
33	12	4560	384	14	16	14	3
34	12	4608	384	14	16	14	3
35	12	4656	384	14	16	14	3
36	12	4704	384	14	16	14	3
37	12	4800	336	14	16	14	3
38	12	4848	336	14	16	14	3
39	12	4896	336	14	16	14	3
40	12	4944	336	14	16	14	3
41	12	5010	432	14	16	14	3
42	12	5106	336	14	16	14	3
43	12	5202	384	14	16	14	3
44	12	5346	288	14	16	14	3
45	12	5442	384	14	16	14	3
# static coin underground						
46	12	6606	1512	14	16	14	3
47	12	6606	1704	14	16	14	3
48	12	6654	1464	14	16	14	3
49	12	6654	1608	14	16	14	3
50	12	6654	1752	14	16	14	3
51	12	6702	1464	14	16	14	3
52	12	6702	1608	14	16	14	3
53	12	6702	1752	14	16	14	3
54	12	6750	1512	14	16	14	3
55	12	6750	1560	14	16	14	3
56	12	6750	1656	14	16	14	3
57	12	6750	1704	14	16	14	3
# bling bling brick							
# loai	x	y	w	h	animation_set	type_object	
58	1	5856	1200	48	48	3	3	0
59	1	5904	1200	48	48	3	3	0
60	1	5952	1200	48	48	3	3	0
61	1	6000	1200	48	48	3	3	0
62	1	6048	1200	48	48	3	3	0
63	1	6096	1200	48	48	3	3	0
64	1	6144	1200	48	48	3	3	0
#								
65	1	5904	1152	48	48	3	3	0
66	1	5952	1152	48	48	3	3	0
67	1	6000	1152	48	48	3	3	0
68	1	6048	1152	48	48	3	3	0
69	1	6096	1152	48	48	3	3	0
#								
70	1	5952	1104	48	48	3	3	0
71	1	6000	1104	48	48	3	3	0
72	1	6048	1104	48	48	3	3	0
73	1	6096	1104	48	48	3	3	1
#								
74	1	6288	1200	48	48	3	3	0
75	1	6336	1200	48	48	3	3	0
#								
76	1	6288	1152	48	48	3	3	0
#								
77	1	4320	384	48	48	3	3	2
#								
# RANDOM BONUS							
78	17	8064	1008	48	48	22	3